tinvalid = [7.360257430555555   7.360259097222222
   7.358187361111111   7.358272361111111
   7.356652916666667   7.356768958333333
   7.355881250000000   7.355883402777778
   7.356201597222222   7.356253333333334
   7.356250000000000   7.356253333333334
   7.356341250000000   7.356343402777777
   7.356511388888888   7.356516458333334
   7.356502500000000   7.356504375000000
   7.357682361111111   7.357683611111111
   7.357911111111111   7.357912986111112
   7.357881041666666   7.357883333333334
   7.359625208333334   7.359632361111111
   7.359638263888889   7.359639027777778
   7.359650138888889   7.359667222222223
   7.360652569444445   0.000006087986231
   7.358374444444445   7.358374861111111
   7.360812638888889   0.000007535722256]*1e5;

tbreak = [7.357683611111111
          7.356994444444445]*1e5;
